7952777
1757
7952541
3265
3266
3267
4243
3970
7952785
4236
5571
3272
2619
3240
5906
3554
3284
5903
7952722
7952854
7952855
7952856
7952857
7952858
7952859
7952860
7952861
7952862
7952863
7952864
7952781
7952780
5918
5705
7952840
7952847
7952849
7952850
7952851
4245
4250
4251
7952530
5909
5742
3624
3603
7952853
7952584
7952586
7952587
7952592
3631
3632
7952711
5837
5548
4046
7952718
5841
7952782
5889
7952577
5917
4074
7952848
7952852
7952576
3234
3291
7173096
7174179
7176411
7178798
7567011
7572853
7574416
7584745
7606526
7612678
7614653
7623988
7673470
7675870
7687559
7692209
7702908
7720956
7726825
7742588
7776011
7778317
7778852
7798957
7818235
7821672
7826351
7841427
7842106
7843248
7846358
7861064
7871748
7876736
7885717
7887933
7895531
7895807
7931651
7934084
7934983
5744
7952846
5621
4050
3977
7952829
7952833
5808
5810
5811
5812
5814
5815
5817
7952681
2285
7952770
7952776
7952575
7952789
1179
3195
3656
4134
5643
5679
3622
4042
5914
7952845
7952794
7952526
3350
3361
5697
7952524
7952703
3219
2957
7952556
2573
1309
3010
376
3764
3660
3973
3614
7952778
7952745
5620
7952783
3321
5499
3224
7173623
7910298
5791
3320
7952743
2681
7952834
3274
3231
3319
1954
3843
3594
3617
5649
5840
5704
3763
3765
3309
5695
5898
7952565
7952588
1349
7952615
3275
5916
5521
1809
4764
4386
3813
3344
5702
3842
4142
4149
4079
4080
4117
3774
3775
5908
7952599
5801
5789
3900
5699
4115
3475
244
2814
3888
3341
3346
4081
3471
7952790
7952827
7952619
7952533
7952788
7952823
3821
7952772
2900
7952774
5713
5703
5847
5902
7952682
3336
3558
4760
7952534
3530
7952523
4138
5878
7952844
2997
3277
3958
7952531
3342
5740
7952593
7952828
4075
3608
4006
7952736
7952735
2735
7952739
3245
3215
7952679
3877
2164
7952521
7952532
4921
5550
5661
3349
5865
7952761
7952673
3947
7952731
7952624
7952838
3345
3612
3971
3340
7952786
4917
325
2873
2305
3450
7952612
3112
2890
2308
3987
3238
5737
3610
5633
7952674
3343
5641
3626
2867
7952824
7952546
7952528
3606
5544
3141
2659
4043
3353
1530
5734
5720
3961
3963
7952620
5645
3885
3598
5873
7952763
2886
3257
3256
5728
5524
5757
1434
3607
5719
3248
213
2271
7952734
5535
3339
3967
3833
3846
7952525
3831
5672
7952762
5799
3838
3972
5681
302
4044
3605
2244
3230
3310
3251
5545
5708
199
7952669
5706
323
5901
4275
4257
7952555
3330
3331
5866
2272
3295
3698
3314
3328
3646
3962
7952527
3329
3700
3325
3490
3323
3326
3313
3559
7952605
374
3443
3335
3315
3689
5915
3327
7952667
5750
5747
5749
5745
7952733
3529
3586
3585
3581
3470
3375
3524